1.6000	20.0000	25.6000	13.2500	1.8700	30.0000	20.0000	30.0000	6.0000	15.0000	37.0000	3.2000	7.6000	24.9000	30.0000	6.0000	15.0000	37.0000	3.2000	7.6000	24.9000	0.0000	
3.7037	74.0741	94.7407	49.0741	6.9259	111.1111	74.0741	111.1111	22.2222	55.5556	137.1852	11.9259	27.9630	92.2222	83.3333	4.8148	26.6667	12.2222	77.7778	10.4444	3.7037	1.0000	
-0.1852	-3.7037	-4.7370	-2.4537	0.6537	-5.5556	-3.7037	-5.5556	-1.1111	-2.7778	-6.8593	-0.5963	-1.3981	-4.6111	-4.1667	2.7593	-1.3333	1.3889	-2.8889	-0.5222	1.0148	0.0000	
-0.4074	13.8519	-2.2285	1.3519	2.4381	7.7778	11.8519	-9.2222	5.5556	21.8889	12.9496	-0.4059	9.7941	1.9956	10.2333	-0.5296	27.0667	3.6556	20.1444	-1.0999	-0.4074	0.0000	
-0.0741	-1.4815	-1.8948	-0.9815	0.9615	-1.2222	-1.4815	-1.2222	0.0556	-1.1111	-2.7437	2.4615	-0.5593	-1.8444	-1.6667	1.3037	1.9667	3.2556	-1.5556	2.3911	-0.0741	0.0000	
0.8750	-0.2707	-0.8094	-0.4907	0.0507	-0.1111	-0.4407	-0.9111	-0.1722	-0.4456	-0.8069	0.1657	-0.1596	-0.8242	-0.8333	0.7519	0.6333	-0.1222	0.5222	0.2116	-0.0370	0.0000	
-0.0741	-1.4815	-1.8948	-0.9815	0.0815	-1.2222	-0.5315	-1.2222	-0.3444	-0.9011	-2.7437	-0.2385	-0.5593	-1.8444	-1.6667	1.0237	0.3667	-0.1944	0.3644	-0.2089	0.0259	0.0000	
-0.1111	-1.0722	-2.7722	-0.4722	0.7522	-3.2333	-1.9222	-3.3333	-0.3667	-0.3667	-4.0056	-0.3578	-0.7289	-2.6617	-2.4300	0.3556	-0.8000	-0.3567	-2.2433	-0.3133	-0.1111	0.0000	
-0.1028	10.8370	-2.9136	-0.7630	0.4230	-4.2444	-2.3630	-4.2944	-0.3889	-1.3222	-3.1774	-0.4770	-0.8225	-3.0679	-2.6133	-0.1626	-1.0667	-0.3889	-2.7111	-0.3848	0.1919	0.0000	
-0.5556	-2.9511	2.8689	-4.1111	-0.5389	-1.6667	8.3889	-16.6667	-0.3333	0.4667	-6.8378	-1.6069	17.7756	7.2587	3.1000	-0.7222	13.5000	-0.8333	6.9933	-1.5277	-0.5556	0.0000	
-0.1852	-3.2737	-4.7370	-1.2537	-0.3463	-5.5556	-2.9537	-5.5556	-1.1111	-2.5478	-6.8593	-0.5963	-1.3981	-4.2911	-4.1667	-0.2407	-1.3333	-0.6111	-3.8889	-0.5222	-0.1852	0.0000	
-0.9259	-10.3585	-6.6052	-9.0185	-1.2315	-12.7778	0.9815	-27.7778	-2.5556	-5.0889	-20.5563	-2.7995	14.9793	-1.9636	-5.2333	-1.2037	10.8333	-2.0556	-0.7844	-2.5721	-0.9259	0.0000	

=-=-=-=-
Nesse caso, a primeira linha da tabela é referente a função objetiva
e a segunda linha é nosso resultado.
